-306
569
-911
704
-284
448
145
-485
851
-311
-80
741
-169
-889
-619
350
727
-289
12
368
60
9
-827
-920
-339
234
-188
866
-200
-711
429
-155
-531
-946
-959
760
609
-785
-612
-943
632
496
704
-491
592
978
-119
-641
-959
954
-913
-485
-253
757
589
31
-753
842
-178
-155
-519
523
-427
-498
-334
764
600
-456
-12
-374
925
52
-317
132
-400
918
-314
-367
856
-599
-911
998
-825
-321
-599
-527
-966
254
812
362
922
-678
501
346
-508
-513
385
703
655
-369
676
443
-59
-936
77
-994
367
-312
-453
-36
793
-646
160
-979
770
268
814
-558
-283
-43
242
44
454
-990
144
901
49
-317
112
-58
257
227
456
-166
-110
-194
44
700
-94
-223
849
505
-819
-755
-997
-741
500
-175
-161
-383
614
781
-292
861
913
929
93
-194
670
-33
-14
716
677
-696
390
-985
-392
835
359
196
416
-360
966
216
-254
-928
336
351
-583
397
957
526
-170
-252
311
-21
379
908
-858
-818
-178
-716
559
29
-47
211
-342
422
929
-256
-760
587
85
-20
915
-235
194
113
-126
-815
-198
427
373
680
-547
-312
-768
-277
-564
584
396
-812
-996
-798
-917
-259
-66
822
877
369
793
-160
-266
301
253
-3
819
-689
441
745
-166
-759
463
118
-415
-520
-77
186
-637
-945
597
-90
987
55
-768
-18
-746
-836
-163
-856
-54
198
-144
-656
-384
823
-912
140
-138
787
-647
754
966
-560
536
-683
-535
625
890
-976
-544
-460
231
146
266
620
28
-859
-502
161
288
-548
360
-56
-400
-922
-221
915
-238
-633
741
689
-23
153
-937
-513
-221
-113
846
25
577
108
766
-183
982
-622
515
-645
905
513
-271
742
-122
920
56
489
-48
650
-875
-661
-876
881
624
-647
-716
493
-25
-280
-628
588
-402
201
-358
-75
194
571
697
500
151
-100
-649
-176
618
-840
204
741
731
224
-612
-846
-40
69
872
400
604
734
401
681
-863
-550
-779
456
201
-797
-470
464
-74
4
-153
-266
-569
-894
-684
740
-634
498
-574
-241
-323
205
-453
343
-114
25
-768
897
-345
705
-648
-706
-421
-186
-251
672
-159
5
-650
673
-425
-195
-551
-380
655
-445
198
-551
-40
-221
308
587
106
-189
341
336
192
-715
-877
-143
-920
-176
284
-611
444
-884
199
945
971
431
-775
386
828
-383
-504
520
876
602
338
-290
-45
-449
773
249
-6
902
-428
-205
750
-197
839
-978
-521
621
-780
-177
10
672
-562
389
411
-453
155
765
590
15
-122
629
-898
-92
993
428
-270
-14
950
-705
-607
481
-968
618
-595
637
-779
655
192
-608
275
-935
-797
-840
-758
897
912
575
383
-755
620
-26
-198
462
-2
-536
828
-282
260
-524
721
-572
271
-153
-876
-867
-136
-328
-675
284
-733
464
413
-488
-385
-538
109
-980
-758
306
252
964
-325
833
-280
-129
95
135
905
-539
-611
-270
-229
-360
845
252
-27
-220
97
-173
604
-47
-104
998
666
298
24
8
-448
340
767
-998
-433
714
157
779
-245
-469
498
692
167
374
582
-633
135
829
403
-928
-970
-693
-775
-212
-420
-24
-609
254
-119
618
-587
631
893
357
533
804
-543
-627
-747
-195
615
958
84
-661
-577
-419
214
11
-745
933
638
443
-808
-545
908
-773
-988
-808
623
-612
952
-465
479
901
573
-145
839
646
735
839
575
-815
-967
-998
-787
-252
-165
661
-681
893
-485
555
-520
444
-593
147
-751
516
-426
-288
-10
-274
-441
293
-336
978
-60
782
-674
-342
764
-513
308
-551
-328
848
-74
-404
-92
231
-135
-59
302
-914
-581
737
-212
-814
-825
958
32
172
-142
-449
-601
-859
-342
954
-446
632
-453
-926
811
89
-150
847
-436
-476
658
-404
969
998
-475
-628
551
-663
346
731
-775
429
-663
-501
-86
-509
-470
-610
-70
635
428
703
-17
-684
55
644
-83
266
949
328
-975
-103
-559
-970
-836
-673
937
-201
-210
662
875
243
-506
495
-502
-51
681
-888
690
-212
600
-534
730
221
-895
540
-15
-458
-754
-574
-642
-998
-917
-821
-395
-218
-69
-695
-519
817
-307
593
174
653
-129
-63
428
709
-591
-237
-632
-399
-409
761
129
478
-96
-314
-877
-232
960
193
964
110
-599
-75
-13
871
996
-694
-464
105
128
954
296
562
241
941
299
989
952
705
384
771
-955
907
-485
759
767
182
495
63
-426
364
442
-491
700
-459
-366
-512
-139
-941
-746
-984
-293
498
-987
-47
711
-481
-428
-472
629
-512
314
-382
810
863
117
509
292
388
-552
315
-186
-666
390
623
-315
278
-989
519
-223
-795
-172
675
829
33
-863
843
-279
185
390
-191
-613
192
937
609
674
-29
-967
-314
573
964
-777
468
983
-960
974
-68
462
-255
-297
594
245
-634
-744
579
-761
42
359
454
652
-839
480
-209
-523
197
-804
661
-903
274
-769
-404
-989
752
-959
-72
-175
-599
72
926
474
-104
619
605
-1
710
611
-312
66
820
-424
854
946
49
-468
121
631
-583
-354
-93
448
-668
78
246
604
-847
680
-531
-124
259
-85
590
912
544
705
748
483
-983
810
15
381
-907
-282
-869
-294
39
100
862
736
61
-583
985
752
-471
356
192
755
998
-441
-350
-663
-181
226
366
-350
-638
137
53
-149
233
-122
738
239
-854
-917
37
-185
582
